frame_idx, UAV_ID, min_x, min_y, max_x, max_y
3, 
4, 
5, 
6, 
7, 
8, 
9, 
10, 
11, 
12, 
13, 
14, 
15, 
16, 
17, 
18, 
19, 
20, 
21, 
22, 
23, 
24, 
25, 
26, 
27, 
28, 
29, 
30, 
31, 
32, 
33, 
34, 
35, 
36, 
37, 
38, 
39, 
40, 
41, 
42, 
43, 
44, 
45, 
46, 
47, 
48, 
49, 
50, 
51, 
52, 
53, 
54, 
55, 
56, 
57, 
58, 
59, 
60, 
61, 
62, 
63, 
64, 
65, 
66, 
67, 
68, 
69, 
70, 
71, 
72, 
73, 
74, 
75, 
76, 
77, 
78, 
79, 
80, 
81, 
82, 
83, 
84, 
85, 
86, 
87, 
88, 
89, 
90, 
91, 
92, 
93, 
94, 
95, 
96, 
97, 
98, 
99, 
100, 
101, 
102, 
103, 
104, 
105, 
106, 
107, 
108, 
109, 
110, 
111, 
112, 
113, 
114, 
115, 
116, 
117, 
118, 
119, 
120, 
121, 1, 877, 206, 909, 230
122, 1, 881, 207, 913, 231
123, 1, 884, 207, 918, 231
124, 1, 883, 208, 919, 232
125, 1, 886, 208, 920, 232
126, 1, 890, 209, 922, 233
127, 1, 893, 209, 923, 233
128, 1, 893, 210, 925, 234
129, 1, 894, 210, 928, 234
130, 1, 895, 210, 929, 236
131, 1, 897, 210, 931, 236
132, 1, 899, 211, 933, 235
133, 1, 903, 211, 935, 235
134, 1, 905, 213, 937, 237
135, 1, 908, 213, 938, 237
136, 1, 910, 213, 942, 237
137, 1, 911, 214, 945, 238
138, 1, 912, 213, 946, 239
139, 1, 913, 214, 947, 238
140, 1, 915, 213, 949, 239
141, 1, 915, 213, 949, 237
142, 1, 917, 213, 951, 237
143, 1, 918, 213, 952, 237
144, 1, 918, 213, 954, 237
145, 1, 919, 212, 955, 238
146, 1, 920, 212, 958, 238
147, 1, 922, 212, 958, 238
148, 1, 925, 213, 959, 237
149, 1, 928, 213, 962, 237
150, 1, 929, 213, 961, 237
151, 1, 931, 212, 959, 236
152, 1, 930, 212, 958, 236
153, 1, 928, 211, 960, 235
154, 1, 928, 211, 962, 235
155, 1, 931, 210, 965, 234
156, 1, 932, 210, 964, 234
157, 1, 932, 209, 964, 233
158, 1, 932, 208, 966, 232
159, 1, 931, 207, 969, 233
160, 1, 932, 208, 968, 232
161, 1, 932, 208, 968, 232
162, 1, 933, 208, 967, 232
163, 1, 932, 207, 966, 231
164, 1, 932, 207, 968, 231
165, 1, 932, 207, 966, 231
166, 1, 929, 206, 963, 230
167, 1, 927, 206, 961, 230
168, 1, 929, 205, 965, 229
169, 1, 926, 203, 962, 229
170, 1, 924, 202, 958, 228
171, 1, 926, 202, 960, 226
172, 1, 923, 199, 957, 225
173, 1, 921, 198, 959, 224
174, 1, 921, 197, 957, 223
175, 1, 918, 196, 956, 222
176, 1, 919, 195, 955, 219
177, 1, 917, 194, 953, 218
178, 1, 915, 193, 955, 219
179, 1, 915, 192, 953, 218
180, 1, 914, 190, 950, 216
181, 1, 913, 188, 949, 214
182, 1, 908, 187, 944, 213
183, 1, 909, 187, 943, 211
184, 1, 903, 184, 941, 210
185, 1, 903, 182, 939, 208
186, 1, 900, 181, 936, 207
187, 1, 899, 178, 933, 204
188, 1, 894, 175, 930, 203
189, 1, 891, 174, 929, 202
190, 1, 890, 173, 924, 201
191, 1, 886, 172, 924, 198
192, 1, 885, 170, 921, 196
193, 1, 881, 169, 921, 195
194, 1, 878, 168, 916, 194
195, 1, 875, 165, 917, 191
196, 1, 872, 163, 910, 191
197, 1, 868, 161, 906, 189
198, 1, 866, 160, 902, 188
199, 1, 865, 159, 901, 187
200, 1, 858, 158, 896, 186
201, 1, 853, 156, 895, 184
202, 1, 851, 155, 895, 183
203, 1, 845, 153, 887, 181
204, 1, 843, 151, 881, 179
205, 1, 842, 150, 878, 178
206, 1, 837, 148, 875, 176
207, 1, 840, 146, 878, 174
208, 1, 837, 145, 875, 173
209, 1, 846, 142, 913, 172
210, 1, 868, 141, 910, 171
211, 1, 878, 139, 940, 169
212, 
213, 1, 945, 138, 985, 166
214, 1, 951, 136, 1000, 166
215, 1, 972, 133, 1022, 163
216, 1, 977, 133, 1019, 163
217, 1, 981, 132, 1025, 164
218, 1, 982, 132, 1028, 162
219, 1, 978, 129, 1024, 161
220, 1, 973, 128, 1019, 160
221, 1, 968, 128, 1014, 158
222, 1, 963, 127, 1005, 157
223, 1, 957, 126, 999, 156
224, 1, 953, 126, 993, 156
225, 1, 946, 125, 988, 155
226, 1, 940, 124, 980, 154
227, 1, 931, 124, 975, 154
228, 1, 925, 123, 971, 153
229, 1, 918, 121, 964, 153
230, 1, 911, 121, 957, 153
231, 1, 903, 120, 951, 152
232, 1, 898, 118, 944, 150
233, 1, 888, 117, 938, 149
234, 1, 882, 116, 932, 148
235, 1, 877, 115, 923, 147
236, 1, 869, 114, 913, 146
237, 1, 861, 114, 905, 146
238, 1, 854, 114, 898, 144
239, 1, 846, 112, 892, 144
240, 1, 840, 111, 886, 143
241, 1, 830, 110, 878, 142
242, 1, 825, 110, 873, 142
243, 1, 818, 110, 864, 142
244, 1, 811, 110, 859, 142
245, 1, 802, 111, 850, 143
246, 1, 794, 112, 844, 144
247, 1, 785, 111, 835, 145
248, 1, 779, 111, 825, 143
249, 1, 771, 111, 819, 143
250, 1, 764, 111, 814, 143
251, 1, 760, 111, 806, 143
252, 1, 753, 112, 799, 144
253, 1, 745, 113, 793, 145
254, 1, 739, 113, 785, 145
255, 1, 734, 115, 780, 147
256, 1, 727, 116, 773, 148
257, 1, 721, 118, 767, 150
258, 1, 715, 119, 759, 151
259, 1, 715, 122, 758, 152
260, 1, 714, 124, 761, 154
261, 1, 719, 126, 779, 156
262, 1, 735, 127, 804, 159
263, 
264, 
265, 1, 828, 137, 898, 167
266, 1, 861, 141, 921, 171
267, 1, 883, 146, 941, 176
268, 1, 900, 150, 952, 180
269, 1, 913, 152, 960, 182
270, 1, 922, 155, 966, 183
271, 1, 926, 159, 964, 187
272, 1, 926, 163, 962, 189
273, 1, 921, 166, 959, 192
274, 1, 920, 169, 960, 197
275, 1, 916, 172, 958, 202
276, 1, 913, 176, 951, 204
277, 1, 912, 181, 946, 207
278, 1, 912, 184, 948, 210
279, 1, 909, 188, 945, 214
280, 1, 905, 193, 941, 219
281, 1, 902, 196, 940, 224
282, 1, 899, 200, 939, 228
283, 1, 899, 204, 937, 232
284, 1, 899, 208, 935, 234
285, 1, 898, 211, 930, 237
286, 1, 895, 214, 927, 240
287, 1, 893, 217, 927, 243
288, 1, 892, 221, 924, 245
289, 1, 891, 223, 921, 247
290, 1, 888, 225, 922, 251
291, 1, 885, 228, 921, 254
292, 1, 884, 231, 918, 255
293, 1, 883, 233, 915, 257
294, 1, 881, 235, 913, 259
295, 1, 880, 237, 912, 261
296, 1, 879, 238, 911, 264
297, 1, 877, 242, 909, 266
298, 
